Time_unit	Time_code	Year	Month	00 Consumer price index, total	01 Food and non-alcoholic beverages	04. Housing, water, electricity, gas and other fuels	06. Health	07. Transport	08. Communication	09. Recreation and culture	10. Education	11. Restaurants and hotels	12. Miscellaneous goods and services	13.1 Goods (total)	13.2 Services (total)	14.1 Overall Consumer Price Index - excl. energy and unprocessed food (core inflation)	15.1 Overall Consumer Price Index excl. energy
1	2017M01	2017	1	100,3	101,4	101,1	100,1	100	88,2	101,7	105,2	101,4	102,4	98,7	101,8	100,3	100,4
2	2017M02	2017	2	101,1	102,5	102,4	100	100,5	88,4	102,4	105,2	101,3	102,3	99,2	102,9	101,2	101,3
3	2017M03	2017	3	101,2	101,4	102,5	100,4	99,7	88,3	101,7	105,2	101,5	102,6	99,5	102,7	101,3	101,4
4	2017M04	2017	4	101,4	101,5	102,1	100,5	100,9	87,8	102,3	105,2	103,4	103,1	99,4	103,3	101,6	101,7
5	2017M05	2017	5	101,3	102,2	102	100,4	100,1	88,1	101,4	105,2	104,5	103	99,2	103,3	101,7	101,7
6	2017M06	2017	6	101,2	102,9	101,9	100	99,6	87,8	101,6	105,2	104,9	102,9	98,7	103,5	101,6	101,7
7	2017M07	2017	7	102	104,6	101,9	100	100,6	87,6	104,5	105,2	111,8	103,4	98,4	105,4	102,5	102,7
8	2017M08	2017	8	101,7	104	101,9	99,9	100,2	87,4	102,2	106,7	110,7	103,5	98,5	104,8	102,2	102,3
9	2017M09	2017	9	101,8	103,9	102	100	101	87,2	102,5	106,7	104,8	103,5	99,4	104	102,1	102,2
10	2017M10	2017	10	101,9	103,7	102,4	101	100,7	87	102,2	107,5	104,7	103,6	99,5	104,1	102,1	102,3
11	2017M11	2017	11	101,6	104	102,3	101	100,3	86,7	100,7	107,5	103,6	103,7	99,4	103,7	101,8	101,9
12	2017M12	2017	12	101,3	102,9	102,1	100,8	100,6	86,7	100,8	107,5	103,6	103,5	98,8	103,6	101,5	101,6
13	2018M01	2018	1	101	103	102,3	100,1	100,2	86,7	101,1	108	103,5	103,7	98	103,7	101,1	101,2
14	2018M02	2018	2	101,7	103,4	103,1	100,5	100,6	87	102,8	108	103,5	104	98,5	104,8	102	102,1
15	2018M03	2018	3	101,7	102,4	103,2	100,9	100,4	85,3	101,7	108	103,8	103,9	98,8	104,5	102	102
16	2018M04	2018	4	102,2	102,9	103,3	101,3	101,2	85,9	101,9	108	104,5	104,7	99,6	104,7	102,4	102,5
17	2018M05	2018	5	102,4	102,9	103,3	101,1	102,6	85,9	100,7	108	107,3	104,5	99,8	104,8	102,4	102,5
18	2018M06	2018	6	102,3	102,9	103,4	101,2	102,8	86,2	101,2	108	108,5	104,4	99,3	105,2	102,3	102,4
19	2018M07	2018	7	103,1	103,6	103	101,1	103,9	85,9	105,9	108	115,9	104,1	98,6	107,4	103,4	103,4
20	2018M08	2018	8	102,7	102,5	103,2	101,1	103,7	85,8	102,8	109,3	114,3	103,9	98,6	106,5	102,8	102,8
21	2018M09	2018	9	102,4	103,1	103,4	100,9	103	85,4	102,7	109,3	106,4	104,2	99,3	105,4	102,5	102,5
22	2018M10	2018	10	102,7	102,9	103,6	101,3	103,8	85,5	103,4	110,4	106,3	103,8	99,6	105,7	102,7	102,7
23	2018M11	2018	11	102,4	103,2	103,6	102,1	102,6	85	102,4	110,4	105,1	103,7	99,4	105,2	102,5	102,5
24	2018M12	2018	12	102,1	102,7	103,6	101,7	101,3	85	102,4	110,4	105,4	103,3	98,8	105,1	102,2	102,3
25	2019M01	2019	1	102,3	104,1	103,8	101,7	101,2	86,1	103,8	111,1	104,4	104,1	99	105,4	102,5	102,5
26	2019M02	2019	2	102,8	104,5	104,6	101,6	102,3	86	104,5	111,1	104,4	104,2	99,2	106,2	102,9	103
27	2019M03	2019	3	102,9	104,1	104,3	102,6	102,4	85,6	103,9	111,1	105	104,5	99,5	106,1	103,1	103,1
28	2019M04	2019	4	103,2	103,5	104,5	102,5	104,1	85,7	104	111,1	106,1	104,3	99,7	106,4	103,3	103,2
29	2019M05	2019	5	103,1	104,2	104,1	102,3	104,2	85,7	102,7	111,1	108,2	104,4	99,9	106,2	103,2	103,2
30	2019M06	2019	6	102,9	105	104	102,1	103,6	85,2	103,1	111,1	109,9	104,2	98,9	106,7	103	103,1
31	2019M07	2019	7	103,5	105,9	103,6	102,5	104,5	85,7	106,8	111,1	111,9	104,2	98,8	107,9	103,7	103,9
32	2019M08	2019	8	103,1	104,8	103,7	102,5	103,3	86,1	104,5	111,9	112,9	104	98,6	107,4	103,4	103,6
33	2019M09	2019	9	102,9	104,4	103,6	102,5	103,1	85,6	104,3	111,9	108,4	104,1	98,9	106,7	103,2	103,3
34	2019M10	2019	10	103,3	104,2	104	103,1	103,7	85,2	104,9	112,8	108	104,4	99,3	107	103,5	103,6
35	2019M11	2019	11	103,1	104,4	104,2	103,6	102,9	85,2	104	112,8	106,9	104,4	99,4	106,5	103,2	103,4
36	2019M12	2019	12	102,9	103,6	104,3	103,7	103,1	84,9	103,8	112,8	107,2	104,4	99,2	106,4	103	103,1
37	2020M01	2020	1	103	104,1	104,3	103,9	103,9	84,4	105	113,1	106,5	106,2	98,9	106,9	103,1	103,2
38	2020M02	2020	2	103,6	104,9	104,7	104,5	103,7	84,6	106,7	113,1	106,1	106,1	99,1	107,8	103,9	104
39	2020M03	2020	3	103,3	105,3	104,6	104,2	101,5	84,2	105,2	113,1	106,5	106,1	98,9	107,4	103,8	104
40	2020M04	2020	4	103,2	105,1	104,2	103,8	100,6	83,5	105,1	113,1	108,8	106	98,2	108	104,1	104,3
41	2020M05	2020	5	103,1	105,4	104,1	104,8	100,4	83,6	103,6	113,1	109,8	106,4	98,2	107,6	103,9	104,1
42	2020M06	2020	6	103,2	105,8	104,2	104,9	102	83,7	104	113,1	107,7	106,1	98,3	107,7	103,9	104,1
43	2020M07	2020	7	104	106,6	104,2	104,2	103,2	82,6	106,6	113,1	111,5	106,6	98,9	108,8	104,7	104,9
44	2020M08	2020	8	103,6	105,5	104,3	103,9	102,4	82,9	105,1	115,3	109,8	106,5	98,8	108,2	104,3	104,5
45	2020M09	2020	9	103,5	104,5	104,2	103,5	102,3	82,1	104,4	115,3	107,9	106,4	98,9	107,8	104,2	104,3
46	2020M10	2020	10	103,7	104,8	104,5	104,1	102,3	82,7	104,6	116,9	108,6	106,6	99,2	108	104,4	104,5
47	2020M11	2020	11	103,6	104,9	104,2	104,7	101	81,8	104,1	116,9	107,5	106,7	99,4	107,5	104,4	104,5
48	2020M12	2020	12	103,4	103,8	104,4	104,4	101,8	81,9	103,8	116,9	107,5	106,5	99,2	107,3	104	104,1
49	2021M01	2021	1	103,6	104,4	104,6	104,3	102,9	80,8	103,8	117	107,2	107,6	99,2	107,7	104,2	104,3
50	2021M02	2021	2	104,2	105	106	104,8	103,5	80,8	104,3	117	107,4	107,5	99,7	108,5	104,7	104,7
51	2021M03	2021	3	104,3	104,2	106	104,4	104,2	80,8	104,8	117	107,7	107,4	99,8	108,5	104,6	104,7
52	2021M04	2021	4	104,7	105,3	105,9	104,7	104,4	81,2	104,9	117,1	108,5	108,3	100,3	108,8	105	105,1
53	2021M05	2021	5	104,9	105,4	106,1	104,9	105,2	80,8	104,4	117,1	110,7	108,5	100,6	109	105,2	105,3
54	2021M06	2021	6	105	105,5	106,3	104,5	106,1	80,5	104,4	117,1	111,1	108,5	100,6	109,2	105,2	105,3
55	2021M07	2021	7	105,7	107,2	107	103,9	107,3	80,6	105,1	117,1	115	108,5	101,3	109,9	105,6	105,8
56	2021M08	2021	8	105,5	106,1	107,3	103,9	106,9	81,7	104,8	118,2	112,4	108,2	101,2	109,5	105,3	105,4
57	2021M09	2021	9	105,8	106,1	107,5	103,4	107,3	81,9	105,6	118,2	111,1	108,1	101,8	109,5	105,6	105,7
58	2021M10	2021	10	106,8	106,2	109,1	103,9	109,6	82,4	106,2	119,4	112	108,1	103,4	109,8	105,9	106
59	2021M11	2021	11	107,1	107,1	109,7	104,4	110,6	81,9	105,7	119,4	111,5	108,3	104,1	109,8	106,1	106,2
60	2021M12	2021	12	106,6	105,5	109,8	104,7	108,5	81	105,4	119,4	111,4	108,2	103,3	109,5	105,6	105,7
61	2022M01	2022	1	108,1	108,6	112,9	105,2	109,7	80,6	106	119,5	111,5	110	105,7	110	106,2	106,4
62	2022M02	2022	2	109,2	110,8	113,1	106	111,6	81,2	107	119,6	112,4	110,4	106,7	111,1	107,5	107,7
63	2022M03	2022	3	109,9	110,8	113,4	106	114,8	81,2	106,8	119,6	114	110,3	107,9	111,3	107,9	108,1
64	2022M04	2022	4	111,7	112,8	116,3	105,5	115,8	81,7	107,6	119,6	116,8	110,4	110,6	112	108,8	109,1
65	2022M05	2022	5	112,7	116	115,8	105,5	118,9	82,8	107,7	119,6	118,6	111,1	112,1	112,5	109,8	110,2
66	2022M06	2022	6	113,6	119,2	115,9	106,5	122	83,4	107,8	119,6	121,2	111,1	113,4	112,9	110,3	110,9
67	2022M07	2022	7	114,9	122,9	117	106,5	121,7	83,6	109,9	119,6	126	111,5	114,7	114,1	111,4	112,1
68	2022M08	2022	8	114,9	123	118,1	106,2	119,5	83,6	109	121,3	125,3	111,6	114,8	114	111,6	112,2
69	2022M09	2022	9	116,4	122,3	123,1	106	119,2	83,9	109,2	121,3	121,1	111,4	118	113,5	111,8	112,4
70	2022M10	2022	10	117,6	122,9	124,6	107	121,2	85,2	110,1	122,4	121,9	113,3	119,9	114	112,5	113,1
71	2022M11	2022	11	116,6	123,5	122	107,7	119	84,8	109,5	122,4	121,2	113,4	117,9	114,1	112,5	113,1
72	2022M12	2022	12	115,9	121,2	120,5	108,1	117,3	86	110,5	122,4	121,3	113,6	116,5	114,1	112,6	113,1
73	2023M01	2023	1	116,4	124,3	120,3	108	118,4	85	111,2	123,2	122,7	115,5	116,5	115,2	113,2	113,7
74	2023M02	2023	2	117,5	127,2	120,3	108,8	118,9	86,6	112,7	123,2	125,3	116,3	117	116,8	114,7	115,3
75	2023M03	2023	3	117,3	128,3	119,5	108,7	118,8	86,4	112,1	123,2	124,2	116,3	116,9	116,6	114,8	115,4
76	2023M04	2023	4	117,6	127,6	118,6	110,1	118,8	86,1	112,6	123,2	128,5	117,4	116,5	117,6	115,4	115,9
77	2023M05	2023	5	116	128,3	113,9	110,5	117,7	85,8	111,8	123,2	127,9	117,4	113,3	117,5	115,3	115,8
78	2023M06	2023	6	116,4	129,7	113,7	110,5	118,2	85,6	112,7	123,2	130,6	117,6	113,3	118,2	115,7	116,3
79	2023M07	2023	7	118,5	131	115,8	110,5	118,6	86,2	117,8	123,2	141,8	117,8	114,6	121,2	117,3	118
